R= [10^4,2*(10)^4,3.5*(10)^4,10^5,2*(10^5)];
v= [120,80,110,200,350];
I= v./R;
P= v.*v./R;