r=[1 2 3.5 10 20]
R=r*10^4
V=[120 80 110 200 350]
I=V./R
power= V.^2 ./R